100 100
1 2 4
2 3 4
3 4 3
4 5 8
5 6 7
6 7 2
7 8 4
8 9 8
9 10 4
10 11 4
11 12 6
12 13 3
13 14 8
14 15 6
15 16 6
16 17 5
17 18 4
18 19 8
19 20 4
20 21 6
21 22 4
22 23 1
23 24 9
24 25 4
25 26 2
26 27 2
27 28 4
28 29 5
29 30 2
30 31 1
31 32 7
32 33 4
33 34 3
34 35 9
35 36 2
36 37 2
37 38 9
38 39 6
39 40 1
40 41 5
41 42 3
42 43 6
43 44 1
44 45 6
45 46 6
46 47 6
47 48 6
48 49 4
49 50 9
50 51 1
51 52 2
52 53 2
53 54 2
54 55 7
55 56 5
56 57 1
57 58 7
58 59 1
59 60 3
60 61 8
61 62 3
62 63 5
63 64 1
64 65 6
65 66 2
66 67 2
67 68 3
68 69 7
69 70 6
70 71 4
71 72 1
72 73 3
73 74 2
74 75 2
75 76 6
76 77 1
77 78 9
78 79 9
79 80 5
80 81 4
81 82 9
82 83 2
83 84 9
84 85 9
85 86 6
86 87 6
87 88 4
88 89 2
89 90 4
90 91 3
91 92 3
92 93 9
93 94 7
94 95 4
95 96 9
96 97 2
97 98 5
98 99 4
99 100 3
100 1 8
