e( 5 , 0 , 0 , 5 )
 a( 30 , 0 , 0 , 30 )
  *r( 31 , 19 , 0 , 31 )
 v( 6 , 0 , 0 , 6 )
  o( 7 , 0 , 0 , 7 )
   l( 8 , 1 , 0 , 8 )
    v( 9 , 0 , 0 , 9 )
     *e( 10 , 5 , 0 , 10 )
l( 1 , 0 , 0 , 1 )
 a( 15 , 0 , 0 , 15 )
  g( 16 , 0 , 0 , 16 )
   e( 17 , 5 , 0 , 17 )
    *r( 18 , 19 , 0 , 18 )
 e( 11 , 5 , 0 , 11 )
  g( 12 , 0 , 0 , 12 )
   a( 13 , 0 , 0 , 13 )
    *l( 14 , 1 , 0 , 14 )
 o( 2 , 0 , 0 , 2 )
  v( 3 , 0 , 0 , 3 )
   *e( 4 , 5 , 0 , 4 )
m( 38 , 0 , 0 , 38 )
 e( 42 , 5 , 0 , 42 )
  r( 43 , 19 , 0 , 43 )
   e( 44 , 20 , 0 , 44 )
    *z( 45 , 46 , 0 , 45 )
 o( 39 , 0 , 0 , 39 )
  r( 40 , 19 , 0 , 40 )
   *e( 41 , 20 , 0 , 41 )
r( 19 , 0 , 0 , 19 )
 a( 32 , 0 , 0 , 32 )
  r( 33 , 19 , 0 , 33 )
   *e( 34 , 20 , 0 , 34 )
 e( 20 , 5 , 0 , 20 )
  g( 21 , 0 , 0 , 21 )
   a( 22 , 0 , 0 , 22 )
    l( 23 , 1 , 0 , 23 )
     i( 24 , 0 , 0 , 24 )
      *q( 25 , 0 , 0 , 25 )
  z( 46 , 0 , 0 , 46 )
   u( 47 , 0 , 0 , 47 )
    m( 48 , 38 , 0 , 48 )
     *e( 49 , 42 , 0 , 49 )
 o( 35 , 0 , 0 , 35 )
  m( 36 , 38 , 0 , 36 )
   *e( 37 , 42 , 0 , 37 )
y( 26 , 0 , 0 , 26 )
 e( 27 , 5 , 0 , 27 )
  a( 28 , 30 , 0 , 28 )
   *r( 29 , 31 , 31 , 29 )
